crossing time (s)	slope (V/s)	crossing number
281474976710655.000000	-26.720779	2767	0.000000
281474976710655.000000	-23.431225	2768	0.000000
281474976710655.000000	-24.673613	2769	0.000000
281474976710655.000000	-23.572762	2770	0.000000
281474976710655.000000	-26.860188	2771	0.000000
281474976710655.000000	-23.895454	2772	0.000000
281474976710655.000000	-25.677235	2773	0.000000
281474976710655.000000	-24.127350	2774	0.000000
281474976710655.000000	-26.510443	2775	0.000000
281474976710655.000000	-22.404186	2776	0.000000
281474976710655.000000	-26.561977	2777	0.000000
281474976710655.000000	-22.865376	2778	0.000000
281474976710655.000000	-24.518143	2779	0.000000
281474976710655.000000	-22.552567	2780	0.000000
281474976710655.000000	-24.021570	2781	0.000000
281474976710655.000000	-22.179937	2782	0.000000
281474976710655.000000	-28.082134	2783	0.000000
281474976710655.000000	-20.914181	2784	0.000000
281474976710655.000000	-26.692005	2785	0.000000
281474976710655.000000	-22.497774	2786	0.000000
281474976710655.000000	-22.317442	2787	0.000000
281474976710655.000000	-23.556734	2788	0.000000
281474976710655.000000	-24.976639	2789	0.000000
281474976710655.000000	-21.859962	2790	0.000000
281474976710655.000000	-25.446466	2791	0.000000
281474976710655.000000	-20.940649	2792	0.000000
281474976710655.000000	-23.608473	2793	0.000000
281474976710655.000000	-21.468555	2794	0.000000
281474976710655.000000	-25.151995	2795	0.000000
281474976710655.000000	-21.854403	2796	0.000000
281474976710655.000000	-27.659639	2797	0.000000
281474976710655.000000	-20.755369	2798	0.000000
281474976710655.000000	-22.818047	2799	0.000000
281474976710655.000000	-21.435104	2800	0.000000
281474976710655.000000	-22.997303	2801	0.000000
281474976710655.000000	-20.672182	2802	0.000000
281474976710655.000000	-23.803089	2803	0.000000
281474976710655.000000	-21.249962	2804	0.000000
281474976710655.000000	-23.911104	2805	0.000000
281474976710655.000000	-20.222061	2806	0.000000
281474976710655.000000	-24.712271	2807	0.000000
281474976710655.000000	-21.355923	2808	0.000000
281474976710655.000000	-20.496805	2809	0.000000
281474976710655.000000	-20.234919	2810	0.000000
281474976710655.000000	-23.283501	2811	0.000000
281474976710655.000000	-19.256458	2812	0.000000
281474976710655.000000	-22.654202	2813	0.000000
281474976710655.000000	-19.803976	2814	0.000000
281474976710655.000000	-21.762438	2815	0.000000
281474976710655.000000	-19.439650	2816	0.000000
281474976710655.000000	-22.449785	2817	0.000000
281474976710655.000000	-19.775261	2818	0.000000
281474976710655.000000	-22.581951	2819	0.000000
281474976710655.000000	-18.600504	2820	0.000000
281474976710655.000000	-21.640463	2821	0.000000
281474976710655.000000	-18.204346	2822	0.000000
281474976710655.000000	-21.766281	2823	0.000000
281474976710655.000000	-18.226191	2824	0.000000
281474976710655.000000	-21.209763	2825	0.000000
281474976710655.000000	-17.955276	2826	0.000000
281474976710655.000000	-21.867043	2827	0.000000
281474976710655.000000	-17.878603	2828	0.000000
281474976710655.000000	-20.963568	2829	0.000000
281474976710655.000000	-17.850739	2830	0.000000
281474976710655.000000	-21.152693	2831	0.000000
281474976710655.000000	-17.738306	2832	0.000000
281474976710655.000000	-20.797976	2833	0.000000
281474976710655.000000	-17.253038	2834	0.000000
281474976710655.000000	-20.510027	2835	0.000000
281474976710655.000000	-17.338196	2836	0.000000
281474976710655.000000	-21.731411	2837	0.000000
281474976710655.000000	-17.147209	2838	0.000000
281474976710655.000000	-20.502390	2839	0.000000
281474976710655.000000	-16.277332	2840	0.000000
281474976710655.000000	-19.774435	2841	0.000000
281474976710655.000000	-16.809256	2842	0.000000
281474976710655.000000	-19.079124	2843	0.000000
281474976710655.000000	-16.272861	2844	0.000000
281474976710655.000000	-19.337084	2845	0.000000
281474976710655.000000	-16.405903	2846	0.000000
281474976710655.000000	-19.532560	2847	0.000000
281474976710655.000000	-15.991517	2848	0.000000
281474976710655.000000	-19.396309	2849	0.000000
281474976710655.000000	-15.636658	2850	0.000000
281474976710655.000000	-19.880804	2851	0.000000
281474976710655.000000	-15.603569	2852	0.000000
281474976710655.000000	-19.523006	2853	0.000000
281474976710655.000000	-15.643431	2854	0.000000
281474976710655.000000	-19.199265	2855	0.000000
281474976710655.000000	-15.126786	2856	0.000000
281474976710655.000000	-19.151772	2857	0.000000
281474976710655.000000	-15.270665	2858	0.000000
281474976710655.000000	-18.372587	2859	0.000000
281474976710655.000000	-15.199714	2860	0.000000
281474976710655.000000	-18.354761	2861	0.000000
281474976710655.000000	-15.340064	2862	0.000000
281474976710655.000000	-18.303638	2863	0.000000
281474976710655.000000	-14.840166	2864	0.000000
281474976710655.000000	-18.026445	2865	0.000000
281474976710655.000000	-14.341899	2866	0.000000
281474976710655.000000	-17.839573	2867	0.000000
281474976710655.000000	-14.680284	2868	0.000000
281474976710655.000000	-17.835007	2869	0.000000
281474976710655.000000	-14.735414	2870	0.000000
281474976710655.000000	-17.807289	2871	0.000000
281474976710655.000000	-14.348739	2872	0.000000
281474976710655.000000	-17.396469	2873	0.000000
281474976710655.000000	-14.247435	2874	0.000000
281474976710655.000000	-17.107756	2875	0.000000
281474976710655.000000	-13.702697	2876	0.000000
281474976710655.000000	-16.987356	2877	0.000000
281474976710655.000000	-13.856481	2878	0.000000
281474976710655.000000	-17.136974	2879	0.000000
281474976710655.000000	-13.882741	2880	0.000000
281474976710655.000000	-16.891502	2881	0.000000
281474976710655.000000	-13.418966	2882	0.000000
281474976710655.000000	-16.491854	2883	0.000000
281474976710655.000000	-13.152126	2884	0.000000
281474976710655.000000	-16.824310	2885	0.000000
281474976710655.000000	-13.098091	2886	0.000000
281474976710655.000000	-16.615108	2887	0.000000
281474976710655.000000	-12.893341	2888	0.000000
281474976710655.000000	-16.181704	2889	0.000000
281474976710655.000000	-13.170444	2890	0.000000
281474976710655.000000	-15.857894	2891	0.000000
281474976710655.000000	-12.484836	2892	0.000000
281474976710655.000000	-15.709254	2893	0.000000
281474976710655.000000	-12.285790	2894	0.000000
281474976710655.000000	-16.033503	2895	0.000000
281474976710655.000000	-12.389369	2896	0.000000
281474976710655.000000	-15.864871	2897	0.000000
281474976710655.000000	-12.339931	2898	0.000000
281474976710655.000000	-15.080999	2899	0.000000
281474976710655.000000	-12.252829	2900	0.000000
281474976710655.000000	-14.983591	2901	0.000000
281474976710655.000000	-12.255280	2902	0.000000
281474976710655.000000	-14.620203	2903	0.000000
281474976710655.000000	-11.962755	2904	0.000000
281474976710655.000000	-14.961472	2905	0.000000
281474976710655.000000	-12.076754	2906	0.000000
281474976710655.000000	-14.710935	2907	0.000000
281474976710655.000000	-11.684532	2908	0.000000
281474976710655.000000	-14.223052	2909	0.000000
281474976710655.000000	-11.625516	2910	0.000000
281474976710655.000000	-14.503168	2911	0.000000
281474976710655.000000	-11.789787	2912	0.000000
281474976710655.000000	-14.780158	2913	0.000000
281474976710655.000000	-11.317504	2914	0.000000
281474976710655.000000	-14.549232	2915	0.000000
281474976710655.000000	-11.336370	2916	0.000000
281474976710655.000000	-14.296797	2917	0.000000
281474976710655.000000	-11.166322	2918	0.000000
281474976710655.000000	-14.212191	2919	0.000000
281474976710655.000000	-11.250868	2920	0.000000
281474976710655.000000	-14.596821	2921	0.000000
281474976710655.000000	-11.189846	2922	0.000000
281474976710655.000000	-14.189701	2923	0.000000
281474976710655.000000	-11.074883	2924	0.000000
281474976710655.000000	-13.929521	2925	0.000000
281474976710655.000000	-11.326567	2926	0.000000
281474976710655.000000	-14.225165	2927	0.000000
281474976710655.000000	-11.113235	2928	0.000000
281474976710655.000000	-13.591853	2929	0.000000
281474976710655.000000	-11.159298	2930	0.000000
281474976710655.000000	-14.004955	2931	0.000000
281474976710655.000000	-11.104542	2932	0.000000
281474976710655.000000	-13.860098	2933	0.000000
281474976710655.000000	-11.077627	2934	0.000000
281474976710655.000000	-14.380480	2935	0.000000
281474976710655.000000	-11.371581	2936	0.000000
281474976710655.000000	-13.513380	2937	0.000000
281474976710655.000000	-10.952106	2938	0.000000
281474976710655.000000	-13.620366	2939	0.000000
281474976710655.000000	-10.944304	2940	0.000000
281474976710655.000000	-14.287148	2941	0.000000
281474976710655.000000	-11.018921	2942	0.000000
281474976710655.000000	-14.142362	2943	0.000000
281474976710655.000000	-10.898858	2944	0.000000
281474976710655.000000	-13.713039	2945	0.000000
281474976710655.000000	-10.866775	2946	0.000000
281474976710655.000000	-13.804119	2947	0.000000
281474976710655.000000	-10.883087	2948	0.000000
281474976710655.000000	-13.772779	2949	0.000000
281474976710655.000000	-11.050865	2950	0.000000
281474976710655.000000	-14.053728	2951	0.000000
281474976710655.000000	-10.989916	2952	0.000000
281474976710655.000000	-14.153363	2953	0.000000
281474976710655.000000	-10.746055	2954	0.000000
281474976710655.000000	-14.210213	2955	0.000000
281474976710655.000000	-11.052453	2956	0.000000
281474976710655.000000	-13.778492	2957	0.000000
281474976710655.000000	-11.132733	2958	0.000000
281474976710655.000000	-14.378089	2959	0.000000
281474976710655.000000	-11.204110	2960	0.000000
281474976710655.000000	-13.577939	2961	0.000000
281474976710655.000000	-11.189939	2962	0.000000
281474976710655.000000	-13.938206	2963	0.000000
281474976710655.000000	-11.236550	2964	0.000000
281474976710655.000000	-13.647169	2965	0.000000
281474976710655.000000	-11.292504	2966	0.000000
281474976710655.000000	-14.385977	2967	0.000000
281474976710655.000000	-11.324080	2968	0.000000
281474976710655.000000	-13.807981	2969	0.000000
281474976710655.000000	-11.377057	2970	0.000000
281474976710655.000000	-13.733330	2971	0.000000
281474976710655.000000	-11.698208	2972	0.000000
281474976710655.000000	-14.282641	2973	0.000000
281474976710655.000000	-11.562123	2974	0.000000
281474976710655.000000	-13.969288	2975	0.000000
281474976710655.000000	-11.429090	2976	0.000000
281474976710655.000000	-14.436566	2977	0.000000
281474976710655.000000	-11.686151	2978	0.000000
281474976710655.000000	-13.997355	2979	0.000000
281474976710655.000000	-11.788777	2980	0.000000
281474976710655.000000	-14.363881	2981	0.000000
281474976710655.000000	-11.498592	2982	0.000000
281474976710655.000000	-14.504362	2983	0.000000
281474976710655.000000	-11.712988	2984	0.000000
281474976710655.000000	-14.285541	2985	0.000000
281474976710655.000000	-11.422622	2986	0.000000
281474976710655.000000	-14.526469	2987	0.000000
281474976710655.000000	-11.575946	2988	0.000000
281474976710655.000000	-14.620615	2989	0.000000
281474976710655.000000	-11.988599	2990	0.000000
281474976710655.000000	-14.333970	2991	0.000000
281474976710655.000000	-11.863382	2992	0.000000
281474976710655.000000	-14.513419	2993	0.000000
281474976710655.000000	-12.202773	2994	0.000000
281474976710655.000000	-14.757021	2995	0.000000
281474976710655.000000	-12.178813	2996	0.000000
281474976710655.000000	-14.480207	2997	0.000000
281474976710655.000000	-12.002353	2998	0.000000
281474976710655.000000	-14.877299	2999	0.000000
281474976710655.000000	-12.273504	3000	0.000000
281474976710655.000000	-14.896652	3001	0.000000
281474976710655.000000	-12.488833	3002	0.000000
281474976710655.000000	-15.261771	3003	0.000000
281474976710655.000000	-12.450933	3004	0.000000
281474976710655.000000	-14.741303	3005	0.000000
281474976710655.000000	-12.478783	3006	0.000000
281474976710655.000000	-15.028592	3007	0.000000
281474976710655.000000	-12.461259	3008	0.000000
281474976710655.000000	-15.374941	3009	0.000000
281474976710655.000000	-12.799558	3010	0.000000
281474976710655.000000	-15.037616	3011	0.000000
281474976710655.000000	-12.428872	3012	0.000000
281474976710655.000000	-15.456222	3013	0.000000
281474976710655.000000	-13.040608	3014	0.000000
281474976710655.000000	-15.456173	3015	0.000000
281474976710655.000000	-12.601980	3016	0.000000
281474976710655.000000	-15.310848	3017	0.000000
281474976710655.000000	-12.727557	3018	0.000000
281474976710655.000000	-15.154270	3019	0.000000
281474976710655.000000	-13.241161	3020	0.000000
281474976710655.000000	-15.589904	3021	0.000000
281474976710655.000000	-13.138592	3022	0.000000
281474976710655.000000	-15.576163	3023	0.000000
281474976710655.000000	-13.482064	3024	0.000000
281474976710655.000000	-16.091776	3025	0.000000
281474976710655.000000	-13.387633	3026	0.000000
281474976710655.000000	-15.562517	3027	0.000000
281474976710655.000000	-13.574916	3028	0.000000
281474976710655.000000	-15.519635	3029	0.000000
281474976710655.000000	-13.295739	3030	0.000000
281474976710655.000000	-16.126364	3031	0.000000
281474976710655.000000	-14.057686	3032	0.000000
281474976710655.000000	-16.113489	3033	0.000000
281474976710655.000000	-13.739392	3034	0.000000
281474976710655.000000	-15.685405	3035	0.000000
281474976710655.000000	-13.720289	3036	0.000000
281474976710655.000000	-15.502589	3037	0.000000
281474976710655.000000	-13.744450	3038	0.000000
281474976710655.000000	-15.676537	3039	0.000000
281474976710655.000000	-14.091429	3040	0.000000
281474976710655.000000	-16.117268	3041	0.000000
281474976710655.000000	-13.716952	3042	0.000000
281474976710655.000000	-16.041506	3043	0.000000
281474976710655.000000	-13.853410	3044	0.000000
281474976710655.000000	-16.177704	3045	0.000000
281474976710655.000000	-14.391845	3046	0.000000
281474976710655.000000	-16.360697	3047	0.000000
281474976710655.000000	-13.956321	3048	0.000000
281474976710655.000000	-16.101898	3049	0.000000
281474976710655.000000	-14.501791	3050	0.000000
281474976710655.000000	-16.730774	3051	0.000000
281474976710655.000000	-14.286308	3052	0.000000
281474976710655.000000	-16.058184	3053	0.000000
281474976710655.000000	-14.656211	3054	0.000000
281474976710655.000000	-16.128256	3055	0.000000
281474976710655.000000	-14.199391	3056	0.000000
281474976710655.000000	-16.496452	3057	0.000000
281474976710655.000000	-14.464625	3058	0.000000
281474976710655.000000	-16.707525	3059	0.000000
281474976710655.000000	-14.770431	3060	0.000000
281474976710655.000000	-16.383232	3061	0.000000
281474976710655.000000	-14.574676	3062	0.000000
281474976710655.000000	-17.036089	3063	0.000000
281474976710655.000000	-14.807929	3064	0.000000
281474976710655.000000	-16.615248	3065	0.000000
281474976710655.000000	-15.187357	3066	0.000000
281474976710655.000000	-16.685923	3067	0.000000
281474976710655.000000	-14.633096	3068	0.000000
281474976710655.000000	-17.149502	3069	0.000000
281474976710655.000000	-14.799306	3070	0.000000
281474976710655.000000	-16.711405	3071	0.000000
281474976710655.000000	-15.091304	3072	0.000000
281474976710655.000000	-16.263342	3073	0.000000
281474976710655.000000	-14.773767	3074	0.000000
281474976710655.000000	-16.628748	3075	0.000000
281474976710655.000000	-15.880476	3076	0.000000
281474976710655.000000	-16.825270	3077	0.000000
281474976710655.000000	-15.420655	3078	0.000000
281474976710655.000000	-16.627426	3079	0.000000
281474976710655.000000	-15.094324	3080	0.000000
281474976710655.000000	-17.054861	3081	0.000000
281474976710655.000000	-15.335793	3082	0.000000
281474976710655.000000	-16.700451	3083	0.000000
281474976710655.000000	-15.266228	3084	0.000000
281474976710655.000000	-16.817337	3085	0.000000
281474976710655.000000	-15.408536	3086	0.000000
281474976710655.000000	-17.290733	3087	0.000000
281474976710655.000000	-15.761849	3088	0.000000
281474976710655.000000	-17.021177	3089	0.000000
281474976710655.000000	-15.685401	3090	0.000000
281474976710655.000000	-16.933825	3091	0.000000
281474976710655.000000	-15.646914	3092	0.000000
281474976710655.000000	-16.882275	3093	0.000000
281474976710655.000000	-16.017805	3094	0.000000
281474976710655.000000	-17.290653	3095	0.000000
281474976710655.000000	-15.681874	3096	0.000000
281474976710655.000000	-17.062637	3097	0.000000
281474976710655.000000	-15.797897	3098	0.000000
281474976710655.000000	-17.054708	3099	0.000000
281474976710655.000000	-16.028139	3100	0.000000
281474976710655.000000	-17.454653	3101	0.000000
281474976710655.000000	-16.195675	3102	0.000000
281474976710655.000000	-17.305695	3103	0.000000
281474976710655.000000	-16.031200	3104	0.000000
281474976710655.000000	-17.159927	3105	0.000000
281474976710655.000000	-15.761043	3106	0.000000
281474976710655.000000	-16.913631	3107	0.000000
281474976710655.000000	-16.163416	3108	0.000000
281474976710655.000000	-17.560320	3109	0.000000
281474976710655.000000	-16.314606	3110	0.000000
281474976710655.000000	-16.986502	3111	0.000000
281474976710655.000000	-15.856121	3112	0.000000
281474976710655.000000	-17.279991	3113	0.000000
281474976710655.000000	-15.999953	3114	0.000000
281474976710655.000000	-17.304117	3115	0.000000
281474976710655.000000	-16.391476	3116	0.000000
281474976710655.000000	-16.964775	3117	0.000000
281474976710655.000000	-15.888067	3118	0.000000
281474976710655.000000	-17.094248	3119	0.000000
281474976710655.000000	-15.850061	3120	0.000000
281474976710655.000000	-17.371477	3121	0.000000
281474976710655.000000	-16.195599	3122	0.000000
281474976710655.000000	-17.442837	3123	0.000000
281474976710655.000000	-16.126284	3124	0.000000
281474976710655.000000	-17.034258	3125	0.000000
281474976710655.000000	-16.252432	3126	0.000000
281474976710655.000000	-17.556385	3127	0.000000
281474976710655.000000	-16.117926	3128	0.000000
281474976710655.000000	-17.268032	3129	0.000000
281474976710655.000000	-16.442871	3130	0.000000
281474976710655.000000	-17.705767	3131	0.000000
281474976710655.000000	-16.603966	3132	0.000000
281474976710655.000000	-17.455034	3133	0.000000
281474976710655.000000	-16.220091	3134	0.000000
281474976710655.000000	-17.582912	3135	0.000000
281474976710655.000000	-16.283295	3136	0.000000
281474976710655.000000	-16.852205	3137	0.000000
281474976710655.000000	-16.314999	3138	0.000000
281474976710655.000000	-17.616785	3139	0.000000
281474976710655.000000	-16.080757	3140	0.000000
281474976710655.000000	-16.922215	3141	0.000000
281474976710655.000000	-16.202320	3142	0.000000
281474976710655.000000	-17.205681	3143	0.000000
281474976710655.000000	-16.170460	3144	0.000000
281474976710655.000000	-17.074574	3145	0.000000
281474976710655.000000	-16.395874	3146	0.000000
281474976710655.000000	-16.839350	3147	0.000000
281474976710655.000000	-16.419645	3148	0.000000
281474976710655.000000	-17.278336	3149	0.000000
281474976710655.000000	-16.564548	3150	0.000000
281474976710655.000000	-17.587234	3151	0.000000
281474976710655.000000	-16.188042	3152	0.000000
281474976710655.000000	-16.550550	3153	0.000000
281474976710655.000000	-16.436733	3154	0.000000
281474976710655.000000	-16.839794	3155	0.000000
281474976710655.000000	-15.987577	3156	0.000000
281474976710655.000000	-16.552933	3157	0.000000
281474976710655.000000	-16.249840	3158	0.000000
281474976710655.000000	-16.822172	3159	0.000000
281474976710655.000000	-16.258774	3160	0.000000
281474976710655.000000	-17.089167	3161	0.000000
281474976710655.000000	-16.779453	3162	0.000000
281474976710655.000000	-16.410950	3163	0.000000
281474976710655.000000	-16.240786	3164	0.000000
281474976710655.000000	-16.955078	3165	0.000000
281474976710655.000000	-16.110081	3166	0.000000
281474976710655.000000	-16.776966	3167	0.000000
281474976710655.000000	-16.336071	3168	0.000000
281474976710655.000000	-16.779282	3169	0.000000
281474976710655.000000	-16.146482	3170	0.000000
281474976710655.000000	-17.136797	3171	0.000000
281474976710655.000000	-16.458185	3172	0.000000
281474976710655.000000	-16.402531	3173	0.000000
281474976710655.000000	-16.321554	3174	0.000000
281474976710655.000000	-16.582539	3175	0.000000
281474976710655.000000	-16.651062	3176	0.000000
281474976710655.000000	-16.814199	3177	0.000000
281474976710655.000000	-16.368275	3178	0.000000
281474976710655.000000	-16.411327	3179	0.000000
281474976710655.000000	-16.184584	3180	0.000000
281474976710655.000000	-15.957920	3181	0.000000
281474976710655.000000	-15.495702	3182	0.000000
281474976710655.000000	-16.486012	3183	0.000000
281474976710655.000000	-15.765304	3184	0.000000
281474976710655.000000	-16.675682	3185	0.000000
281474976710655.000000	-16.214441	3186	0.000000
281474976710655.000000	-16.849751	3187	0.000000
281474976710655.000000	-16.546913	3188	0.000000
281474976710655.000000	-15.668879	3189	0.000000
281474976710655.000000	-16.256975	3190	0.000000
281474976710655.000000	-15.944281	3191	0.000000
281474976710655.000000	-16.146542	3192	0.000000
281474976710655.000000	-16.773422	3193	0.000000
281474976710655.000000	-16.320883	3194	0.000000
281474976710655.000000	-16.134850	3195	0.000000
281474976710655.000000	-15.942322	3196	0.000000
281474976710655.000000	-16.445145	3197	0.000000
281474976710655.000000	-16.366688	3198	0.000000
281474976710655.000000	-16.106133	3199	0.000000
281474976710655.000000	-16.132545	3200	0.000000
281474976710655.000000	-15.996481	3201	0.000000
281474976710655.000000	-15.497342	3202	0.000000
281474976710655.000000	-16.270920	3203	0.000000
281474976710655.000000	-15.806416	3204	0.000000
281474976710655.000000	-16.378817	3205	0.000000
281474976710655.000000	-16.271658	3206	0.000000
281474976710655.000000	-15.897184	3207	0.000000
281474976710655.000000	-16.190151	3208	0.000000
281474976710655.000000	-16.878695	3209	0.000000
281474976710655.000000	-16.016544	3210	0.000000
281474976710655.000000	-16.106951	3211	0.000000
281474976710655.000000	-16.242802	3212	0.000000
281474976710655.000000	-15.969987	3213	0.000000
281474976710655.000000	-15.624394	3214	0.000000
281474976710655.000000	-15.797122	3215	0.000000
281474976710655.000000	-15.935383	3216	0.000000
281474976710655.000000	-15.560349	3217	0.000000
281474976710655.000000	-15.547867	3218	0.000000
281474976710655.000000	-16.402193	3219	0.000000
281474976710655.000000	-15.290754	3220	0.000000
281474976710655.000000	-15.871789	3221	0.000000
281474976710655.000000	-15.487881	3222	0.000000
281474976710655.000000	-16.071568	3223	0.000000
281474976710655.000000	-15.932610	3224	0.000000
281474976710655.000000	-15.858840	3225	0.000000
281474976710655.000000	-15.649389	3226	0.000000
281474976710655.000000	-15.596650	3227	0.000000
281474976710655.000000	-15.775243	3228	0.000000
281474976710655.000000	-16.093540	3229	0.000000
281474976710655.000000	-15.237120	3230	0.000000
281474976710655.000000	-15.719452	3231	0.000000
281474976710655.000000	-15.666945	3232	0.000000
281474976710655.000000	-15.450556	3233	0.000000
281474976710655.000000	-15.514177	3234	0.000000
281474976710655.000000	-15.939828	3235	0.000000
281474976710655.000000	-15.412203	3236	0.000000
281474976710655.000000	-16.113604	3237	0.000000
281474976710655.000000	-15.505718	3238	0.000000
281474976710655.000000	-15.492688	3239	0.000000
281474976710655.000000	-15.367584	3240	0.000000
281474976710655.000000	-15.114398	3241	0.000000
281474976710655.000000	-15.780567	3242	0.000000
281474976710655.000000	-15.575406	3243	0.000000
281474976710655.000000	-15.494746	3244	0.000000
281474976710655.000000	-15.356999	3245	0.000000
281474976710655.000000	-14.862495	3246	0.000000
281474976710655.000000	-15.055066	3247	0.000000
281474976710655.000000	-15.066716	3248	0.000000
281474976710655.000000	-15.723926	3249	0.000000
281474976710655.000000	-15.144051	3250	0.000000
281474976710655.000000	-14.921614	3251	0.000000
281474976710655.000000	-15.272867	3252	0.000000
281474976710655.000000	-15.657919	3253	0.000000
281474976710655.000000	-15.128119	3254	0.000000
281474976710655.000000	-14.971325	3255	0.000000
281474976710655.000000	-15.085301	3256	0.000000
281474976710655.000000	-14.705046	3257	0.000000
281474976710655.000000	-15.195210	3258	0.000000
281474976710655.000000	-14.783432	3259	0.000000
281474976710655.000000	-14.848347	3260	0.000000
281474976710655.000000	-14.903448	3261	0.000000
281474976710655.000000	-14.677952	3262	0.000000
281474976710655.000000	-15.079842	3263	0.000000
281474976710655.000000	-15.010090	3264	0.000000
281474976710655.000000	-15.339794	3265	0.000000
281474976710655.000000	-14.858235	3266	0.000000
281474976710655.000000	-14.591097	3267	0.000000
281474976710655.000000	-15.258440	3268	0.000000
281474976710655.000000	-14.881060	3269	0.000000
281474976710655.000000	-15.335543	3270	0.000000
281474976710655.000000	-15.077888	3271	0.000000
281474976710655.000000	-14.507529	3272	0.000000
281474976710655.000000	-14.717032	3273	0.000000
281474976710655.000000	-14.996525	3274	0.000000
281474976710655.000000	-14.590241	3275	0.000000
281474976710655.000000	-14.688820	3276	0.000000
281474976710655.000000	-14.804145	3277	0.000000
281474976710655.000000	-14.350307	3278	0.000000
281474976710655.000000	-14.810273	3279	0.000000
281474976710655.000000	-14.629896	3280	0.000000
281474976710655.000000	-14.701344	3281	0.000000
281474976710655.000000	-14.473378	3282	0.000000
281474976710655.000000	-14.148768	3283	0.000000
281474976710655.000000	-14.816522	3284	0.000000
281474976710655.000000	-14.153466	3285	0.000000
281474976710655.000000	-14.970428	3286	0.000000
281474976710655.000000	-14.249244	3287	0.000000
281474976710655.000000	-14.551801	3288	0.000000
281474976710655.000000	-14.749767	3289	0.000000
281474976710655.000000	-14.571546	3290	0.000000
281474976710655.000000	-14.254937	3291	0.000000
281474976710655.000000	-14.303258	3292	0.000000
281474976710655.000000	-14.328023	3293	0.000000
281474976710655.000000	-14.533081	3294	0.000000
281474976710655.000000	-14.428992	3295	0.000000
281474976710655.000000	-14.346750	3296	0.000000
281474976710655.000000	-14.369242	3297	0.000000
281474976710655.000000	-14.238503	3298	0.000000
281474976710655.000000	-14.176000	3299	0.000000
281474976710655.000000	-14.178136	3300	0.000000
281474976710655.000000	-13.884472	3301	0.000000
281474976710655.000000	-14.736349	3302	0.000000
281474976710655.000000	-14.235891	3303	0.000000
281474976710655.000000	-14.204180	3304	0.000000
281474976710655.000000	-14.283562	3305	0.000000
281474976710655.000000	-13.704079	3306	0.000000
281474976710655.000000	-13.936012	3307	0.000000
281474976710655.000000	-14.250002	3308	0.000000
281474976710655.000000	-13.837307	3309	0.000000
281474976710655.000000	-13.905358	3310	0.000000
281474976710655.000000	-13.650953	3311	0.000000
281474976710655.000000	-14.083857	3312	0.000000
281474976710655.000000	-14.170614	3313	0.000000
281474976710655.000000	-13.704932	3314	0.000000
281474976710655.000000	-14.093816	3315	0.000000
281474976710655.000000	-14.385381	3316	0.000000
281474976710655.000000	-14.175594	3317	0.000000
281474976710655.000000	-14.301454	3318	0.000000
281474976710655.000000	-13.490453	3319	0.000000
281474976710655.000000	-14.135463	3320	0.000000
281474976710655.000000	-14.100394	3321	0.000000
281474976710655.000000	-14.223925	3322	0.000000
281474976710655.000000	-13.783159	3323	0.000000
281474976710655.000000	-13.596645	3324	0.000000
281474976710655.000000	-13.923699	3325	0.000000
281474976710655.000000	-13.747912	3326	0.000000
281474976710655.000000	-13.623903	3327	0.000000
281474976710655.000000	-13.612333	3328	0.000000
281474976710655.000000	-14.022479	3329	0.000000
281474976710655.000000	-13.231441	3330	0.000000
281474976710655.000000	-13.314910	3331	0.000000
281474976710655.000000	-13.939780	3332	0.000000
281474976710655.000000	-13.866355	3333	0.000000
281474976710655.000000	-13.460799	3334	0.000000
281474976710655.000000	-13.571610	3335	0.000000
281474976710655.000000	-13.865872	3336	0.000000
281474976710655.000000	-13.620087	3337	0.000000
281474976710655.000000	-13.332591	3338	0.000000
281474976710655.000000	-13.213589	3339	0.000000
281474976710655.000000	-13.511465	3340	0.000000
281474976710655.000000	-12.989701	3341	0.000000
281474976710655.000000	-13.592682	3342	0.000000
281474976710655.000000	-13.193462	3343	0.000000
281474976710655.000000	-13.265323	3344	0.000000
281474976710655.000000	-13.130275	3345	0.000000
281474976710655.000000	-13.468210	3346	0.000000
281474976710655.000000	-13.280129	3347	0.000000
281474976710655.000000	-13.698175	3348	0.000000
281474976710655.000000	-13.331324	3349	0.000000
281474976710655.000000	-13.574031	3350	0.000000
281474976710655.000000	-13.140022	3351	0.000000
281474976710655.000000	-13.360475	3352	0.000000
281474976710655.000000	-13.129265	3353	0.000000
281474976710655.000000	-13.291371	3354	0.000000
281474976710655.000000	-12.905724	3355	0.000000
281474976710655.000000	-13.278952	3356	0.000000
281474976710655.000000	-12.830527	3357	0.000000
281474976710655.000000	-13.577203	3358	0.000000
281474976710655.000000	-12.799937	3359	0.000000
281474976710655.000000	-13.175744	3360	0.000000
281474976710655.000000	-13.027491	3361	0.000000
281474976710655.000000	-13.156929	3362	0.000000
281474976710655.000000	-12.936053	3363	0.000000
281474976710655.000000	-12.974900	3364	0.000000
281474976710655.000000	-12.545141	3365	0.000000
281474976710655.000000	-13.058714	3366	0.000000
281474976710655.000000	-12.810303	3367	0.000000
281474976710655.000000	-13.108537	3368	0.000000
281474976710655.000000	-12.834557	3369	0.000000
281474976710655.000000	-13.241327	3370	0.000000
281474976710655.000000	-12.821734	3371	0.000000
281474976710655.000000	-12.953156	3372	0.000000
281474976710655.000000	-12.831780	3373	0.000000
281474976710655.000000	-12.762285	3374	0.000000
281474976710655.000000	-12.557428	3375	0.000000
281474976710655.000000	-12.983788	3376	0.000000
281474976710655.000000	-12.768410	3377	0.000000
281474976710655.000000	-12.580047	3378	0.000000
281474976710655.000000	-12.957717	3379	0.000000
281474976710655.000000	-12.902948	3380	0.000000
281474976710655.000000	-12.415600	3381	0.000000
281474976710655.000000	-13.022839	3382	0.000000
281474976710655.000000	-12.737013	3383	0.000000
281474976710655.000000	-12.919174	3384	0.000000
281474976710655.000000	-12.599361	3385	0.000000
281474976710655.000000	-12.541814	3386	0.000000
281474976710655.000000	-12.568926	3387	0.000000
281474976710655.000000	-12.240224	3388	0.000000
281474976710655.000000	-12.648398	3389	0.000000
281474976710655.000000	-12.613629	3390	0.000000
281474976710655.000000	-12.134449	3391	0.000000
281474976710655.000000	-12.571302	3392	0.000000
281474976710655.000000	-12.506606	3393	0.000000
281474976710655.000000	-12.601999	3394	0.000000
281474976710655.000000	-12.435571	3395	0.000000
281474976710655.000000	-12.580611	3396	0.000000
281474976710655.000000	-12.390238	3397	0.000000
281474976710655.000000	-12.626313	3398	0.000000
281474976710655.000000	-12.059234	3399	0.000000
281474976710655.000000	-12.424737	3400	0.000000
281474976710655.000000	-12.109241	3401	0.000000
281474976710655.000000	-12.353354	3402	0.000000
281474976710655.000000	-12.228015	3403	0.000000
281474976710655.000000	-12.275979	3404	0.000000
281474976710655.000000	-12.151068	3405	0.000000
281474976710655.000000	-12.420254	3406	0.000000
281474976710655.000000	-11.930500	3407	0.000000
281474976710655.000000	-12.380325	3408	0.000000
281474976710655.000000	-12.095302	3409	0.000000
281474976710655.000000	-11.993950	3410	0.000000
281474976710655.000000	-12.158298	3411	0.000000
281474976710655.000000	-11.914102	3412	0.000000
281474976710655.000000	-11.911897	3413	0.000000
281474976710655.000000	-12.027452	3414	0.000000
281474976710655.000000	-11.983578	3415	0.000000
281474976710655.000000	-12.009355	3416	0.000000
281474976710655.000000	-12.082172	3417	0.000000
281474976710655.000000	-12.070963	3418	0.000000
281474976710655.000000	-11.956676	3419	0.000000
281474976710655.000000	-11.995445	3420	0.000000
281474976710655.000000	-12.085322	3421	0.000000
281474976710655.000000	-11.964839	3422	0.000000
281474976710655.000000	-11.576676	3423	0.000000
281474976710655.000000	-12.177031	3424	0.000000
281474976710655.000000	-11.890262	3425	0.000000
281474976710655.000000	-11.671872	3426	0.000000
281474976710655.000000	-11.936052	3427	0.000000
281474976710655.000000	-11.551171	3428	0.000000
281474976710655.000000	-11.717674	3429	0.000000
281474976710655.000000	-11.751776	3430	0.000000
281474976710655.000000	-11.583193	3431	0.000000
281474976710655.000000	-11.889673	3432	0.000000
281474976710655.000000	-11.771488	3433	0.000000
281474976710655.000000	-11.691767	3434	0.000000
281474976710655.000000	-11.845833	3435	0.000000
281474976710655.000000	-11.642587	3436	0.000000
281474976710655.000000	-11.470783	3437	0.000000
281474976710655.000000	-11.658207	3438	0.000000
281474976710655.000000	-11.319715	3439	0.000000
281474976710655.000000	-11.933739	3440	0.000000
281474976710655.000000	-11.629590	3441	0.000000
281474976710655.000000	-11.494287	3442	0.000000
281474976710655.000000	-11.638102	3443	0.000000
281474976710655.000000	-11.340621	3444	0.000000
281474976710655.000000	-11.729391	3445	0.000000
281474976710655.000000	-11.493002	3446	0.000000
281474976710655.000000	-11.398701	3447	0.000000
281474976710655.000000	-11.593601	3448	0.000000
281474976710655.000000	-11.394321	3449	0.000000
281474976710655.000000	-11.492319	3450	0.000000
281474976710655.000000	-11.402059	3451	0.000000
281474976710655.000000	-11.276683	3452	0.000000
281474976710655.000000	-11.354052	3453	0.000000
281474976710655.000000	-11.201738	3454	0.000000
281474976710655.000000	-11.194450	3455	0.000000
281474976710655.000000	-11.541368	3456	0.000000
281474976710655.000000	-10.908979	3457	0.000000
281474976710655.000000	-11.600406	3458	0.000000
281474976710655.000000	-11.248258	3459	0.000000
281474976710655.000000	-11.334303	3460	0.000000
281474976710655.000000	-11.088923	3461	0.000000
281474976710655.000000	-11.153672	3462	0.000000
281474976710655.000000	-10.952239	3463	0.000000
281474976710655.000000	-11.466086	3464	0.000000
281474976710655.000000	-11.141279	3465	0.000000
281474976710655.000000	-11.257997	3466	0.000000
281474976710655.000000	-11.130669	3467	0.000000
281474976710655.000000	-11.020942	3468	0.000000
281474976710655.000000	-11.044762	3469	0.000000
281474976710655.000000	-11.052059	3470	0.000000
281474976710655.000000	-10.965240	3471	0.000000
281474976710655.000000	-11.247028	3472	0.000000
281474976710655.000000	-10.791431	3473	0.000000
281474976710655.000000	-10.962358	3474	0.000000
281474976710655.000000	-11.020691	3475	0.000000
281474976710655.000000	-10.930506	3476	0.000000
281474976710655.000000	-11.048655	3477	0.000000
281474976710655.000000	-10.994432	3478	0.000000
281474976710655.000000	-10.799817	3479	0.000000
281474976710655.000000	-10.689491	3480	0.000000
281474976710655.000000	-10.794518	3481	0.000000
281474976710655.000000	-10.942467	3482	0.000000
281474976710655.000000	-10.816525	3483	0.000000
281474976710655.000000	-10.712999	3484	0.000000
281474976710655.000000	-10.816026	3485	0.000000
281474976710655.000000	-10.623376	3486	0.000000
281474976710655.000000	-10.695257	3487	0.000000
281474976710655.000000	-10.908508	3488	0.000000
281474976710655.000000	-10.623384	3489	0.000000
281474976710655.000000	-10.694790	3490	0.000000
281474976710655.000000	-10.593045	3491	0.000000
281474976710655.000000	-10.556168	3492	0.000000
281474976710655.000000	-10.653222	3493	0.000000
281474976710655.000000	-10.559402	3494	0.000000
281474976710655.000000	-10.532979	3495	0.000000
281474976710655.000000	-10.729013	3496	0.000000
281474976710655.000000	-10.406313	3497	0.000000
281474976710655.000000	-10.650967	3498	0.000000
281474976710655.000000	-10.516709	3499	0.000000
281474976710655.000000	-10.515380	3500	0.000000
281474976710655.000000	-10.662674	3501	0.000000
281474976710655.000000	-10.403128	3502	0.000000
281474976710655.000000	-10.315095	3503	0.000000
281474976710655.000000	-10.894567	3504	0.000000
281474976710655.000000	-10.241290	3505	0.000000
281474976710655.000000	-10.575899	3506	0.000000
281474976710655.000000	-10.457243	3507	0.000000
281474976710655.000000	-10.492196	3508	0.000000
281474976710655.000000	-10.315269	3509	0.000000
281474976710655.000000	-10.475461	3510	0.000000
281474976710655.000000	-10.146495	3511	0.000000
281474976710655.000000	-10.534723	3512	0.000000
281474976710655.000000	-10.150724	3513	0.000000
281474976710655.000000	-10.435799	3514	0.000000
281474976710655.000000	-10.245721	3515	0.000000
281474976710655.000000	-10.337408	3516	0.000000
281474976710655.000000	-10.451468	3517	0.000000
281474976710655.000000	-10.328031	3518	0.000000
281474976710655.000000	-10.096730	3519	0.000000
281474976710655.000000	-10.411884	3520	0.000000
281474976710655.000000	-10.063648	3521	0.000000
281474976710655.000000	-10.156181	3522	0.000000
281474976710655.000000	-10.083072	3523	0.000000
281474976710655.000000	-10.125208	3524	0.000000
281474976710655.000000	-10.154902	3525	0.000000
281474976710655.000000	-10.242637	3526	0.000000
281474976710655.000000	-9.982605	3527	0.000000
281474976710655.000000	-10.246840	3528	0.000000
281474976710655.000000	-9.875526	3529	0.000000
281474976710655.000000	-10.099463	3530	0.000000
281474976710655.000000	-9.820661	3531	0.000000
281474976710655.000000	-10.196948	3532	0.000000
281474976710655.000000	-9.972699	3533	0.000000
281474976710655.000000	-10.089783	3534	0.000000
281474976710655.000000	-9.958107	3535	0.000000
281474976710655.000000	-10.050112	3536	0.000000
281474976710655.000000	-9.883569	3537	0.000000
281474976710655.000000	-10.026479	3538	0.000000
281474976710655.000000	-9.886536	3539	0.000000
281474976710655.000000	-9.910113	3540	0.000000
281474976710655.000000	-9.899808	3541	0.000000
281474976710655.000000	-10.068757	3542	0.000000
281474976710655.000000	-9.825819	3543	0.000000
281474976710655.000000	-9.860092	3544	0.000000
281474976710655.000000	-9.717674	3545	0.000000
281474976710655.000000	-9.914898	3546	0.000000
281474976710655.000000	-9.897743	3547	0.000000
281474976710655.000000	-9.840252	3548	0.000000
281474976710655.000000	-9.841803	3549	0.000000
281474976710655.000000	-9.795799	3550	0.000000
281474976710655.000000	-9.781974	3551	0.000000
281474976710655.000000	-9.727140	3552	0.000000
281474976710655.000000	-9.601772	3553	0.000000
281474976710655.000000	-9.890099	3554	0.000000
281474976710655.000000	-9.745399	3555	0.000000
281474976710655.000000	-9.786081	3556	0.000000
281474976710655.000000	-9.749351	3557	0.000000
281474976710655.000000	-9.602217	3558	0.000000
281474976710655.000000	-9.509690	3559	0.000000
281474976710655.000000	-9.810640	3560	0.000000
281474976710655.000000	-9.512785	3561	0.000000
281474976710655.000000	-9.707193	3562	0.000000
281474976710655.000000	-9.697972	3563	0.000000
281474976710655.000000	-9.737617	3564	0.000000
281474976710655.000000	-9.532070	3565	0.000000
281474976710655.000000	-9.459405	3566	0.000000
281474976710655.000000	-9.492453	3567	0.000000
281474976710655.000000	-9.496352	3568	0.000000
281474976710655.000000	-9.445398	3569	0.000000
281474976710655.000000	-9.660140	3570	0.000000
281474976710655.000000	-9.417190	3571	0.000000
281474976710655.000000	-9.538931	3572	0.000000
281474976710655.000000	-9.424513	3573	0.000000
281474976710655.000000	-9.480705	3574	0.000000
281474976710655.000000	-9.270330	3575	0.000000
281474976710655.000000	-9.482803	3576	0.000000
281474976710655.000000	-9.185052	3577	0.000000
281474976710655.000000	-9.513835	3578	0.000000
281474976710655.000000	-9.513706	3579	0.000000
281474976710655.000000	-9.352380	3580	0.000000
281474976710655.000000	-9.383778	3581	0.000000
281474976710655.000000	-9.300545	3582	0.000000
281474976710655.000000	-9.256653	3583	0.000000
281474976710655.000000	-9.450595	3584	0.000000
281474976710655.000000	-9.309146	3585	0.000000
281474976710655.000000	-9.276495	3586	0.000000
281474976710655.000000	-9.230108	3587	0.000000
281474976710655.000000	-9.412581	3588	0.000000
281474976710655.000000	-9.142724	3589	0.000000
281474976710655.000000	-9.312596	3590	0.000000
281474976710655.000000	-9.208184	3591	0.000000
281474976710655.000000	-9.232715	3592	0.000000
281474976710655.000000	-9.034705	3593	0.000000
281474976710655.000000	-9.336246	3594	0.000000
281474976710655.000000	-9.113127	3595	0.000000
281474976710655.000000	-9.139000	3596	0.000000
281474976710655.000000	-9.089416	3597	0.000000
281474976710655.000000	-9.051615	3598	0.000000
281474976710655.000000	-9.070817	3599	0.000000
281474976710655.000000	-9.235292	3600	0.000000
281474976710655.000000	-8.977230	3601	0.000000
281474976710655.000000	-9.228555	3602	0.000000
281474976710655.000000	-9.113070	3603	0.000000
281474976710655.000000	-8.994506	3604	0.000000
281474976710655.000000	-9.092317	3605	0.000000
281474976710655.000000	-8.901861	3606	0.000000
281474976710655.000000	-8.960615	3607	0.000000
281474976710655.000000	-9.130153	3608	0.000000
281474976710655.000000	-8.775881	3609	0.000000
281474976710655.000000	-9.142681	3610	0.000000
281474976710655.000000	-8.951177	3611	0.000000
281474976710655.000000	-8.857724	3612	0.000000
281474976710655.000000	-8.924232	3613	0.000000
281474976710655.000000	-8.891179	3614	0.000000
281474976710655.000000	-8.831427	3615	0.000000
281474976710655.000000	-8.778896	3616	0.000000
281474976710655.000000	-8.694673	3617	0.000000
281474976710655.000000	-8.817266	3618	0.000000
281474976710655.000000	-8.873331	3619	0.000000
281474976710655.000000	-8.747124	3620	0.000000
281474976710655.000000	-8.716992	3621	0.000000
281474976710655.000000	-8.833745	3622	0.000000
281474976710655.000000	-8.650115	3623	0.000000
281474976710655.000000	-8.914638	3624	0.000000
281474976710655.000000	-8.589781	3625	0.000000
281474976710655.000000	-8.687442	3626	0.000000
281474976710655.000000	-8.655559	3627	0.000000
281474976710655.000000	-8.645612	3628	0.000000
281474976710655.000000	-8.684108	3629	0.000000
281474976710655.000000	-8.544278	3630	0.000000
281474976710655.000000	-8.632720	3631	0.000000
281474976710655.000000	-8.699563	3632	0.000000
281474976710655.000000	-8.501673	3633	0.000000
281474976710655.000000	-8.690789	3634	0.000000
281474976710655.000000	-8.588157	3635	0.000000
281474976710655.000000	-8.584407	3636	0.000000
281474976710655.000000	-8.579540	3637	0.000000
281474976710655.000000	-8.525642	3638	0.000000
281474976710655.000000	-8.609134	3639	0.000000
281474976710655.000000	-8.690128	3640	0.000000
281474976710655.000000	-8.364832	3641	0.000000
281474976710655.000000	-8.676250	3642	0.000000
281474976710655.000000	-8.481457	3643	0.000000
281474976710655.000000	-8.491504	3644	0.000000
281474976710655.000000	-8.496325	3645	0.000000
281474976710655.000000	-8.539962	3646	0.000000
281474976710655.000000	-8.365112	3647	0.000000
281474976710655.000000	-8.491229	3648	0.000000
281474976710655.000000	-8.400976	3649	0.000000
281474976710655.000000	-8.441748	3650	0.000000
281474976710655.000000	-8.307929	3651	0.000000
281474976710655.000000	-8.390664	3652	0.000000
281474976710655.000000	-8.267924	3653	0.000000
281474976710655.000000	-8.299433	3654	0.000000
281474976710655.000000	-8.235023	3655	0.000000
281474976710655.000000	-8.312536	3656	0.000000
281474976710655.000000	-8.258140	3657	0.000000
281474976710655.000000	-8.304367	3658	0.000000
281474976710655.000000	-8.244106	3659	0.000000
281474976710655.000000	-8.200293	3660	0.000000
281474976710655.000000	-8.192155	3661	0.000000
281474976710655.000000	-8.159973	3662	0.000000
281474976710655.000000	-8.119312	3663	0.000000
281474976710655.000000	-8.314999	3664	0.000000
281474976710655.000000	-8.101573	3665	0.000000
281474976710655.000000	-8.150595	3666	0.000000
281474976710655.000000	-8.176533	3667	0.000000
281474976710655.000000	-8.137903	3668	0.000000
281474976710655.000000	-8.030971	3669	0.000000
281474976710655.000000	-8.110449	3670	0.000000
281474976710655.000000	-8.051026	3671	0.000000
281474976710655.000000	-8.197042	3672	0.000000
281474976710655.000000	-7.905873	3673	0.000000
281474976710655.000000	-8.150560	3674	0.000000
281474976710655.000000	-8.045269	3675	0.000000
281474976710655.000000	-8.083305	3676	0.000000
281474976710655.000000	-8.087175	3677	0.000000
281474976710655.000000	-8.003819	3678	0.000000
281474976710655.000000	-7.914811	3679	0.000000
281474976710655.000000	-7.941712	3680	0.000000
281474976710655.000000	-7.883555	3681	0.000000
281474976710655.000000	-8.025982	3682	0.000000
281474976710655.000000	-7.834197	3683	0.000000
281474976710655.000000	-7.927660	3684	0.000000
281474976710655.000000	-7.989052	3685	0.000000
281474976710655.000000	-7.820906	3686	0.000000
281474976710655.000000	-7.745707	3687	0.000000
281474976710655.000000	-7.879781	3688	0.000000
281474976710655.000000	-7.806211	3689	0.000000
281474976710655.000000	-7.835124	3690	0.000000
281474976710655.000000	-7.861248	3691	0.000000
281474976710655.000000	-7.791512	3692	0.000000
281474976710655.000000	-7.873768	3693	0.000000
281474976710655.000000	-7.748368	3694	0.000000
281474976710655.000000	-7.760793	3695	0.000000
281474976710655.000000	-7.751991	3696	0.000000
281474976710655.000000	-7.690721	3697	0.000000
281474976710655.000000	-7.734941	3698	0.000000
281474976710655.000000	-7.721162	3699	0.000000
281474976710655.000000	-7.774251	3700	0.000000
281474976710655.000000	-7.741811	3701	0.000000
281474976710655.000000	-7.697345	3702	0.000000
281474976710655.000000	-7.655272	3703	0.000000
281474976710655.000000	-7.758331	3704	0.000000
281474976710655.000000	-7.682827	3705	0.000000
281474976710655.000000	-7.627728	3706	0.000000
281474976710655.000000	-7.588040	3707	0.000000
281474976710655.000000	-7.663839	3708	0.000000
281474976710655.000000	-7.599275	3709	0.000000
281474976710655.000000	-7.546313	3710	0.000000
281474976710655.000000	-7.523886	3711	0.000000
281474976710655.000000	-7.563816	3712	0.000000
281474976710655.000000	-7.573510	3713	0.000000
281474976710655.000000	-7.619968	3714	0.000000
281474976710655.000000	-7.554930	3715	0.000000
281474976710655.000000	-7.584299	3716	0.000000
281474976710655.000000	-7.494400	3717	0.000000
281474976710655.000000	-7.557932	3718	0.000000
281474976710655.000000	-7.402519	3719	0.000000
281474976710655.000000	-7.536318	3720	0.000000
281474976710655.000000	-7.410704	3721	0.000000
281474976710655.000000	-7.501975	3722	0.000000
281474976710655.000000	-7.389359	3723	0.000000
281474976710655.000000	-7.500086	3724	0.000000
281474976710655.000000	-7.347755	3725	0.000000
281474976710655.000000	-7.496649	3726	0.000000
281474976710655.000000	-7.391874	3727	0.000000
281474976710655.000000	-7.486650	3728	0.000000
281474976710655.000000	-7.343020	3729	0.000000
281474976710655.000000	-7.428832	3730	0.000000
281474976710655.000000	-7.323115	3731	0.000000
281474976710655.000000	-7.357954	3732	0.000000
281474976710655.000000	-7.314487	3733	0.000000
281474976710655.000000	-7.307017	3734	0.000000
281474976710655.000000	-7.271477	3735	0.000000
281474976710655.000000	-7.342742	3736	0.000000
281474976710655.000000	-7.259368	3737	0.000000
281474976710655.000000	-7.273523	3738	0.000000
281474976710655.000000	-7.241242	3739	0.000000
281474976710655.000000	-7.250627	3740	0.000000
281474976710655.000000	-7.221405	3741	0.000000
281474976710655.000000	-7.251192	3742	0.000000
281474976710655.000000	-7.221956	3743	0.000000
281474976710655.000000	-7.194136	3744	0.000000
281474976710655.000000	-7.122676	3745	0.000000
281474976710655.000000	-7.232334	3746	0.000000
281474976710655.000000	-7.077665	3747	0.000000
281474976710655.000000	-7.189277	3748	0.000000
281474976710655.000000	-7.089046	3749	0.000000
281474976710655.000000	-7.197572	3750	0.000000
281474976710655.000000	-7.133028	3751	0.000000
281474976710655.000000	-7.136063	3752	0.000000
281474976710655.000000	-7.099629	3753	0.000000
281474976710655.000000	-7.135647	3754	0.000000
281474976710655.000000	-7.013897	3755	0.000000
281474976710655.000000	-7.132863	3756	0.000000
281474976710655.000000	-7.051950	3757	0.000000
281474976710655.000000	-7.089254	3758	0.000000
281474976710655.000000	-7.088908	3759	0.000000
281474976710655.000000	-7.057030	3760	0.000000
281474976710655.000000	-7.007425	3761	0.000000
281474976710655.000000	-7.085837	3762	0.000000
281474976710655.000000	-6.997968	3763	0.000000
281474976710655.000000	-7.106635	3764	0.000000
281474976710655.000000	-6.965265	3765	0.000000
281474976710655.000000	-7.042596	3766	0.000000
281474976710655.000000	-6.969443	3767	0.000000
281474976710655.000000	-6.951741	3768	0.000000
281474976710655.000000	-6.959714	3769	0.000000
281474976710655.000000	-6.965259	3770	0.000000
281474976710655.000000	-6.846580	3771	0.000000
281474976710655.000000	-6.991817	3772	0.000000
281474976710655.000000	-6.901383	3773	0.000000
281474976710655.000000	-6.878720	3774	0.000000
281474976710655.000000	-6.818271	3775	0.000000
281474976710655.000000	-6.871259	3776	0.000000
281474976710655.000000	-6.772139	3777	0.000000
281474976710655.000000	-6.917480	3778	0.000000
281474976710655.000000	-6.784523	3779	0.000000
281474976710655.000000	-6.884374	3780	0.000000
281474976710655.000000	-6.784576	3781	0.000000
281474976710655.000000	-6.831843	3782	0.000000
281474976710655.000000	-6.799783	3783	0.000000
281474976710655.000000	-6.710913	3784	0.000000
281474976710655.000000	-6.757069	3785	0.000000
281474976710655.000000	-6.750144	3786	0.000000
281474976710655.000000	-6.701680	3787	0.000000
281474976710655.000000	-6.770745	3788	0.000000
281474976710655.000000	-6.687326	3789	0.000000
281474976710655.000000	-6.695479	3790	0.000000
281474976710655.000000	-6.667135	3791	0.000000
281474976710655.000000	-6.635960	3792	0.000000
281474976710655.000000	-6.686488	3793	0.000000
281474976710655.000000	-6.694420	3794	0.000000
281474976710655.000000	-6.618644	3795	0.000000
281474976710655.000000	-6.608042	3796	0.000000
281474976710655.000000	-6.651751	3797	0.000000
281474976710655.000000	-6.567951	3798	0.000000
281474976710655.000000	-6.554616	3799	0.000000
281474976710655.000000	-6.634727	3800	0.000000
281474976710655.000000	-6.588113	3801	0.000000
281474976710655.000000	-6.604721	3802	0.000000
281474976710655.000000	-6.579062	3803	0.000000
281474976710655.000000	-6.588038	3804	0.000000
281474976710655.000000	-6.494122	3805	0.000000
281474976710655.000000	-6.601745	3806	0.000000
281474976710655.000000	-6.502735	3807	0.000000
281474976710655.000000	-6.524963	3808	0.000000
281474976710655.000000	-6.533808	3809	0.000000
281474976710655.000000	-6.567044	3810	0.000000
281474976710655.000000	-6.482316	3811	0.000000
281474976710655.000000	-6.492916	3812	0.000000
281474976710655.000000	-6.424247	3813	0.000000
281474976710655.000000	-6.496638	3814	0.000000
281474976710655.000000	-6.458792	3815	0.000000
281474976710655.000000	-6.471207	3816	0.000000
281474976710655.000000	-6.413611	3817	0.000000
281474976710655.000000	-6.438602	3818	0.000000
281474976710655.000000	-6.426427	3819	0.000000
281474976710655.000000	-6.396151	3820	0.000000
281474976710655.000000	-6.412716	3821	0.000000
281474976710655.000000	-6.390105	3822	0.000000
281474976710655.000000	-6.318913	3823	0.000000
281474976710655.000000	-6.392324	3824	0.000000
281474976710655.000000	-6.371378	3825	0.000000
281474976710655.000000	-6.353283	3826	0.000000
281474976710655.000000	-6.353961	3827	0.000000
281474976710655.000000	-6.303515	3828	0.000000
281474976710655.000000	-6.287055	3829	0.000000
281474976710655.000000	-6.315475	3830	0.000000
281474976710655.000000	-6.262686	3831	0.000000
281474976710655.000000	-6.258043	3832	0.000000
281474976710655.000000	-6.241677	3833	0.000000
281474976710655.000000	-6.294325	3834	0.000000
281474976710655.000000	-6.281146	3835	0.000000
281474976710655.000000	-6.238498	3836	0.000000
281474976710655.000000	-6.252892	3837	0.000000
281474976710655.000000	-6.237083	3838	0.000000
281474976710655.000000	-6.170244	3839	0.000000
281474976710655.000000	-6.217059	3840	0.000000
281474976710655.000000	-6.123082	3841	0.000000
281474976710655.000000	-6.181927	3842	0.000000
281474976710655.000000	-6.171452	3843	0.000000
281474976710655.000000	-6.174924	3844	0.000000
281474976710655.000000	-6.129269	3845	0.000000
281474976710655.000000	-6.201219	3846	0.000000
281474976710655.000000	-6.095040	3847	0.000000
281474976710655.000000	-6.093281	3848	0.000000
281474976710655.000000	-6.122768	3849	0.000000
281474976710655.000000	-6.164134	3850	0.000000
281474976710655.000000	-6.131551	3851	0.000000
281474976710655.000000	-6.134485	3852	0.000000
281474976710655.000000	-6.063948	3853	0.000000
281474976710655.000000	-6.061860	3854	0.000000
281474976710655.000000	-6.032926	3855	0.000000
281474976710655.000000	-6.065644	3856	0.000000
281474976710655.000000	-6.083398	3857	0.000000
281474976710655.000000	-6.017467	3858	0.000000
281474976710655.000000	-6.071079	3859	0.000000
281474976710655.000000	-5.996249	3860	0.000000
281474976710655.000000	-5.977231	3861	0.000000
281474976710655.000000	-6.068239	3862	0.000000
281474976710655.000000	-5.975149	3863	0.000000
281474976710655.000000	-6.044513	3864	0.000000
281474976710655.000000	-5.961620	3865	0.000000
281474976710655.000000	-5.956993	3866	0.000000
281474976710655.000000	-5.922226	3867	0.000000
281474976710655.000000	-5.932853	3868	0.000000
281474976710655.000000	-5.932292	3869	0.000000
281474976710655.000000	-5.965285	3870	0.000000
281474976710655.000000	-5.884550	3871	0.000000
281474976710655.000000	-5.919666	3872	0.000000
281474976710655.000000	-5.855580	3873	0.000000
281474976710655.000000	-5.919821	3874	0.000000
281474976710655.000000	-5.889692	3875	0.000000
281474976710655.000000	-5.831487	3876	0.000000
281474976710655.000000	-5.867756	3877	0.000000
281474976710655.000000	-5.845199	3878	0.000000
281474976710655.000000	-5.810328	3879	0.000000
281474976710655.000000	-5.843650	3880	0.000000
281474976710655.000000	-5.788725	3881	0.000000
281474976710655.000000	-5.855907	3882	0.000000
281474976710655.000000	-5.805012	3883	0.000000
281474976710655.000000	-5.805873	3884	0.000000
281474976710655.000000	-5.783686	3885	0.000000
281474976710655.000000	-5.786705	3886	0.000000
281474976710655.000000	-5.762421	3887	0.000000
281474976710655.000000	-5.775351	3888	0.000000
281474976710655.000000	-5.725272	3889	0.000000
281474976710655.000000	-5.761153	3890	0.000000
281474976710655.000000	-5.751232	3891	0.000000
281474976710655.000000	-5.735817	3892	0.000000
281474976710655.000000	-5.692007	3893	0.000000
281474976710655.000000	-5.752563	3894	0.000000
281474976710655.000000	-5.666681	3895	0.000000
281474976710655.000000	-5.684226	3896	0.000000
281474976710655.000000	-5.680624	3897	0.000000
281474976710655.000000	-5.687408	3898	0.000000
281474976710655.000000	-5.673030	3899	0.000000
281474976710655.000000	-5.693102	3900	0.000000
281474976710655.000000	-5.653222	3901	0.000000
281474976710655.000000	-5.645473	3902	0.000000
281474976710655.000000	-5.615878	3903	0.000000
281474976710655.000000	-5.668396	3904	0.000000
281474976710655.000000	-5.641541	3905	0.000000
281474976710655.000000	-5.596345	3906	0.000000
281474976710655.000000	-5.568138	3907	0.000000
281474976710655.000000	-5.572709	3908	0.000000
281474976710655.000000	-5.595089	3909	0.000000
281474976710655.000000	-5.534609	3910	0.000000
281474976710655.000000	-5.530705	3911	0.000000
281474976710655.000000	-5.564376	3912	0.000000
281474976710655.000000	-5.532140	3913	0.000000
281474976710655.000000	-5.521252	3914	0.000000
281474976710655.000000	-5.514522	3915	0.000000
281474976710655.000000	-5.546143	3916	0.000000
281474976710655.000000	-5.483474	3917	0.000000
281474976710655.000000	-5.494513	3918	0.000000
281474976710655.000000	-5.436521	3919	0.000000
281474976710655.000000	-5.477930	3920	0.000000
281474976710655.000000	-5.445621	3921	0.000000
281474976710655.000000	-5.493094	3922	0.000000
281474976710655.000000	-5.459495	3923	0.000000
281474976710655.000000	-5.417563	3924	0.000000
281474976710655.000000	-5.394132	3925	0.000000
281474976710655.000000	-5.414324	3926	0.000000
281474976710655.000000	-5.392848	3927	0.000000
281474976710655.000000	-5.452818	3928	0.000000
281474976710655.000000	-5.357098	3929	0.000000
281474976710655.000000	-5.405728	3930	0.000000
281474976710655.000000	-5.333143	3931	0.000000
281474976710655.000000	-5.326800	3932	0.000000
281474976710655.000000	-5.337183	3933	0.000000
281474976710655.000000	-5.356921	3934	0.000000
281474976710655.000000	-5.262430	3935	0.000000
281474976710655.000000	-5.337407	3936	0.000000
281474976710655.000000	-5.338299	3937	0.000000
281474976710655.000000	-5.308576	3938	0.000000
281474976710655.000000	-5.319165	3939	0.000000
281474976710655.000000	-5.301464	3940	0.000000
281474976710655.000000	-5.268277	3941	0.000000
281474976710655.000000	-5.253517	3942	0.000000
281474976710655.000000	-5.217666	3943	0.000000
281474976710655.000000	-5.301049	3944	0.000000
281474976710655.000000	-5.252082	3945	0.000000
281474976710655.000000	-5.238670	3946	0.000000
281474976710655.000000	-5.194619	3947	0.000000
281474976710655.000000	-5.216266	3948	0.000000
281474976710655.000000	-5.178618	3949	0.000000
281474976710655.000000	-5.191419	3950	0.000000
281474976710655.000000	-5.154070	3951	0.000000
281474976710655.000000	-5.235592	3952	0.000000
